count,prompt,starttime,playtime
5,random,1569130266,32
1,random,1569130437,14
5,english,1569131045,17
178,english,1569131732,1708
91,english,1569188121,723
95,english,1569449023,4876
6,english,1569535301,12
67,english,1569618964,776
41,english,1570133083,10998
20,english,1570574324,4189
170,english,1570741070,2974
13,english,1570748845,98
8,english,1570955560,48
13,english,1570996274,99
18,english,1572311197,167
1,random,1573711477,9
1,random,1573711546,15
1,random,1573712053,4
1,random,1573712089,17
29,random,1573712137,14
27,random,1573712183,56
1,random,1573712660,2
1,random,1573712820,2
3,random,1573713126,10
1,random,1573713166,2
1,random,1573713430,9
5,random,1573713984,3
1,random,1573714265,10
4,foreign,1573714286,4
65,english,1573714293,449
1,random,1577320522,10
1,random,1577320541,6
1,random,1577400000,9
1,random,1577400028,10
2,random,1577400112,11
56,foreign,1577400130,368
14,foreign,1577401778,13
1,random,1577403901,44
1,english,1577404049,7
5,english,1577404850,4
23,english,1577404891,248
9,english,1577405141,26
33,english,1577405314,8
1,random,1577405328,126
42,random,1577405561,269
1,random,1577767225,15
300,english,1577767267,2963
385,english,1578293388,3522
94,english,1578531986,2644
1,random,1581401088,11
1,random,1581401103,23
1,random,1581401643,11
9,english,1581806198,99
1,random,1581809882,18
1,random,1581810073,4
1,random,1581815964,7
1,random,1581816422,6
12,english,1581816434,75
